405.14
190.88
386.65
131.18
385.78
127.69
391.07
348.99
275.54
366.84
312.73
130.91
214.93
311.03
149.21
406.72
338.51
308.0
378.31
282.13
387.39
192.98
278.97
220.83
317.6
292.3
371.99
164.03
208.42
347.86
250.07
311.8
290.73
217.38
169.56
146.4
392.04
131.31
343.11
315.44
177.43
263.76
149.6
288.55
195.99
184.32
416.3
213.37
275.07
332.05
285.97
354.78
262.11
332.35
337.76
360.01
400.26
263.41
196.24
308.57
157.6
127.3
316.58
298.66
388.09
227.0
349.09
293.34
419.27
408.11
347.63
206.91
131.45
392.06
140.38
380.34
149.25
391.5
370.02
206.41
126.99
138.01
124.5
185.28
207.08
420.89
223.9
274.18
307.67
328.21
249.49
272.73
366.5
269.0
318.86
224.81
360.45
378.37
177.36
291.81
764.24
1261.77
742.72
1786.5
1218.28
637.92
1413.16
1509.93
625.24
1454.19
773.94
1408.6
1415.95
1479.35
1602.45
1516.71
849.27
760.98
1252.28
793.23
1703.37
1690.34
876.03
1196.98
802.81
1660.0
886.87
616.55
587.01
872.07
1486.76
1006.44
858.08
964.04
1490.61
735.07
1153.73
1290.91
1480.83
733.97
643.14
1038.98
1215.67
878.96
888.75
1251.83
1651.57
1405.3
940.37
1548.66
958.89
1469.34
1084.13
1558.07
1336.03
759.14
1178.63
1267.34
620.6
759.87
1372.38
676.4
1136.13
835.76
1493.04
1432.81
835.47
515.9
1736.13
398.35
724.22
854.3
809.35
1243.61
1418.75
1461.36
1525.26
614.69
681.37
734.23
1520.0
813.16
758.79
1764.68
952.79
1022.45
799.56
928.39
847.85
1556.69
1525.32
1270.15
1004.2
461.63
509.23
1243.79
930.07
689.92
668.94
580.32
1905.49
1531.2
1484.85
940.73
1594.95
2239.47
1084.7
951.94
1142.06
1746.54
1513.41
1303.82
1534.53
1044.94
1798.44
1561.69
1581.06
1129.47
1851.31
1539.09
1008.62
1367.55
1897.73
1664.71
1840.19
1413.66
1330.96
1768.51
1173.72
1579.77
581.2
1548.92
1102.15
1595.54
1085.97
1856.77
1067.59
1637.55
1677.47
1462.8
1166.69
1505.51
695.7
1595.17
1493.76
1749.66
2077.82
1772.73
1669.47
1741.32
1116.87
1092.8
1979.45
1525.03
1394.43
1126.08
1587.06
872.28
1341.47
1303.86
1502.55
1770.03
1707.05
1277.75
1704.67
1673.86
1719.19
1076.37
1360.99
1885.75
1640.18
1605.24
1553.94
983.23
911.74
783.24
1603.19
1338.41
1554.54
905.64
1917.92
922.99
1512.19
2014.44
1400.53
1973.46
1819.86
974.8
1800.66
1051.24
2093.64
1757.44
1854.75
2002.2
1181.08
1518.28
918.6
1888.59
1771.36
1715.96
1276.64
1056.98
1623.3
823.31
1536.36
833.9
1231.68
1646.73
1452.53
1482.94
1335.72
1512.86
1215.86
1669.3
1279.76
786.53
817.66
833.38
1386.74
1334.25
1575.03
896.09
905.12
1469.92
1477.97
1307.73
1400.76
1482.83
1175.3
992.2
793.44
910.73
796.27
1973.75
1511.41
742.26
824.94
713.2
731.53
1084.58
681.67
708.86
1533.9
1291.01
924.97
1128.32
1468.06
733.72
1230.6
1199.91
1642.9
1056.7
624.86
1186.62
809.28
904.46
1866.96
1838.13
633.75
839.21
812.16
1332.4
1875.44
1720.1
630.0
1580.63
1611.47
1300.42
922.4
1416.58
893.69
1259.32
1881.8
1504.13
1640.96
1021.06
1749.84
772.81
738.93
1264.37
773.68
829.19
1661.75
802.74
1455.78
987.25
1953.92
660.69
865.25
1302.48
690.19
756.27
916.99
1433.88
1644.76
1113.87
1460.84
1055.65
971.04
1480.58
983.21
768.47
805.12
990.04
846.33
592.53
837.44
742.47
493.8
1219.3
677.79
1214.35
675.18
823.56
732.44
614.34
1065.18
668.54
1354.79
679.44
1045.94
530.96
653.97
802.5
611.94
703.25
1262.01
807.05
470.77
1255.57
524.12
644.2
955.43
1126.47
540.27
1584.41
831.28
1079.83
699.49
1208.9
969.68
915.68
650.3
755.33
535.55
1073.35
735.88
819.13
1030.75
821.06
591.4
687.56
599.92
755.56
1263.64
692.2
1018.85
1061.7
640.22
937.78
1124.13
942.68
1012.49
869.34
1386.79
576.51
1213.54
1175.49
1273.43
359.48
858.41
1183.6
1337.47
1252.18
895.45
1000.46
1181.8
1450.07
923.75
500.34
647.23
820.25
717.77
568.86
737.28
693.96
1426.64
1116.17
895.28
1481.37
818.91
829.74
412.13
806.53
682.96
333.83
1245.57
1057.1
804.44
1115.24
1198.05
1080.67
620.57
449.44
1191.24
383.91
993.63
633.87
1111.82
843.86
973.41
856.67
752.36
563.88
373.88
1067.32
749.61
1546.73
1045.87
680.37
1179.74
1048.42
1258.04
584.08
702.97
629.36
855.29
773.19
837.83
420.77
758.82
1057.18
796.76
598.85
529.34
799.67
1210.74
608.79
1300.99
691.13
995.8
1195.39
1033.91
590.5
681.81
559.43
1217.46
1296.62
473.6
1032.35
1125.2
1028.94
1199.21
1414.96
1197.44
432.65
548.61
757.01
1068.19
1461.72
773.47
1330.25
755.74
624.76
1543.61
481.66
643.91
665.42
838.12
1377.74
532.34
555.49
796.75
1497.34
1202.38
523.2
1575.38
484.91
1277.1
663.32
497.42
894.84
629.99
614.41
833.17
1469.36
1270.97
897.06
1017.82
1272.08
1500.07
856.59
1051.74
1436.71
699.35
1494.91
1299.86
1226.2
761.4
1418.32
1484.53
687.14
1403.29
1544.7
656.27
1519.25
816.57
550.01
746.73
1495.32
785.02
822.7
1152.87
1570.54
1485.01
691.07
988.02
1299.94
1181.98
590.01
1522.25
506.94
1474.6
551.83
903.31
1407.46
1274.59
689.81
1484.64
1058.55
820.21
575.76
620.8
1342.11
770.34
662.28
1486.07
1479.63
843.66
1387.33
528.57
912.25
631.3
887.19
905.64
1171.23
468.44
1280.0
1498.98
670.65
1807.22
2006.51
1929.74
1966.09
1632.21
1783.12
1972.18
1807.8
2073.92
1767.34
2008.43
1963.4
1764.75
1896.62
1858.37
1950.47
1800.78
1958.33
1802.58
1791.1
1755.56
1858.35
2016.37
1926.29
2026.7
1746.0
1870.9
1939.85
1506.53
1774.8
1766.29
1940.13
1790.15
1928.59
1830.19
1810.85
1728.6
1873.13
1997.81
1757.68
1835.29
1886.89
1768.59
1797.05
1881.63
1937.03
1809.92
1795.01
2186.41
1678.92
1963.89
2027.78
1664.0
1936.42
1911.11
1916.11
1900.64
2162.9
1843.86
1719.83
1819.09
1839.36
1520.6
2001.86
1877.53
1850.45
1852.38
1918.83
1880.09
1789.13
1690.21
1842.0
1744.13
1826.93
1951.45
1710.87
1842.73
1746.7
1972.52
1805.35
2004.61
1816.53
1965.44
1870.52
1970.22
1819.25
1982.93
1832.81
1707.22
1664.14
1931.71
1937.87
2006.29
1871.79
1890.97
1875.89
1912.43
2093.35
1735.25
1768.44
1527.36
1508.54
829.74
1705.34
1555.15
950.79
1075.08
1322.65
484.31
1004.23
1942.84
1534.38
1744.18
1680.49
1588.33
1919.55
1753.09
1685.33
1789.07
1441.6
1429.23
2210.21
1393.79
1780.99
1404.56
1264.5
1531.85
745.27
1779.61
1416.32
1647.89
1507.22
1893.13
1169.02
2141.51
1987.53
637.09
1786.66
1657.1
474.24
1836.13
2120.23
1280.16
899.85
1482.1
1802.61
1790.7
831.05
1560.14
1623.28
1536.18
1226.56
1037.53
2149.07
1573.93
972.56
1466.27
1923.01
1431.93
1823.16
1331.8
1082.39
980.36
286.85
1198.88
1443.7
1123.29
1824.9
1564.7
853.18
1576.16
1418.2
1405.97
493.96
1386.93
1555.43
1230.31
1671.8
928.43
1619.41
1011.88
1115.09
1551.88
1822.48
786.86
1512.77
1330.05
1660.62
835.25
1758.59
1858.92
1331.68
1183.97
1476.16
1400.73
1743.28
1685.24
1402.09
1180.26
992.84
1378.92
1751.52
1699.74
1628.76
1856.15
1830.87
1801.62
1896.88
1606.97
1770.28
1206.73
1236.75
827.5
1647.51
1543.4
1306.37
1296.35
1460.45
1285.42
1618.79
869.1
1571.93
1725.12
987.37
1242.56
2133.43
882.36
1849.25
1439.68
1798.41
769.97
1512.45
1335.45
1173.64
831.38
1445.65
1402.67
1435.68
1748.99
1501.78
1140.64
1342.59
996.05
1792.17
995.76
1853.55
1824.88
1122.88
1026.32
1632.5
1676.65
1548.07
1773.03
2101.67
1462.0
645.05
1519.08
1001.74
1306.68
1828.31
1748.79
778.53
811.67
1319.85
1513.14
961.19
757.42
1668.28
1649.52
2116.12
1807.49
1797.59
667.54
1743.11
1394.1
1448.67
1791.28
1920.51
1623.12
1791.76
792.11
1786.28
1920.12
1510.54
1582.22
1419.9
691.12
1136.92
758.93
1408.6
1872.43
1919.28
1871.71
1470.28
1142.88
1510.1
1868.18
1763.13
1486.97
1773.96
1627.14
1521.52
1836.61
1517.27
842.85
1763.32
1520.27
1669.6
1556.74
1872.05
1672.28
1706.47
1698.26
1742.3
1557.99
2164.27
1720.21
2018.89
1644.81
952.09
1063.97
1956.53
1864.86
1876.28
1563.13
1608.76
1196.86
646.93
1573.96
1527.86
1127.57
1150.66
1081.15
1916.7
1926.67
1702.55
1857.99
1908.93
2031.0
1822.9
1478.07
1559.41
1742.35
1493.49
1994.92
1171.16
1368.36
1740.44
1868.66
1817.87
530.78
778.94
1875.95
1585.39
1595.9
1872.61
1472.36
1798.6
1649.72
1896.02
1093.71
1685.8
704.43
1563.83
1638.89
1703.14
1452.81
1563.38
737.59
1811.11
1619.32
799.02
1557.53
1745.36
598.38
1068.2
1573.74
1849.8
1452.94
1345.74
1008.73
1021.3
993.6
1709.11
1564.72
694.09
1577.38
1118.53
985.82
1842.0
1577.75
1050.59
1743.51
1097.9
1157.26
1565.78
604.72
1067.59
1107.17
1697.17
613.6
1148.51
1133.24
1753.72
1483.09
1567.08
1752.23
1663.77
818.16
1601.64
1687.02
1065.58
737.74
1557.14
1606.18
1378.1
1549.33
1669.61
1582.7
1737.16
1449.32
1608.14
1125.21
1313.47
1081.72
1644.34
863.52
1646.28
1661.24
759.72
1464.37
1104.6
1787.43
1463.1
1298.96
726.76
1071.46
1733.16
1625.4
1279.62
1754.49
1440.09
1238.42
1645.33
1389.23
1710.81
602.17
913.5
1776.57
1443.58
904.13
779.73
1489.05
1139.74
1295.95
1736.82
1647.17
1442.06
830.15
1661.12
1500.52
1658.5
1742.56
1111.22
1574.56
1580.88
1921.83
670.9
1642.5
1376.2
1638.76
1333.32
1743.08
821.37
1657.45
1781.22
1895.79
1865.88
1649.04
1778.01
1452.62
1844.06
1533.84
965.88
1194.96
1392.17
1220.6
1504.83
1797.15
2133.88
1851.85
1232.32
1053.94
987.64
1501.57
1339.25
1994.09
1655.72
1799.81
1411.15
1659.79
1576.23
436.07
2003.4
1479.48
1736.81
1696.02
1856.47
1536.51
858.78
663.14
1080.42
584.48
1665.53
1605.93
1910.49
377.86
1441.82
1665.81
1513.95
1523.74
1668.2
1015.95
1749.3
1176.63
1472.28
1486.48
1654.25
1837.74
1745.93
587.97
1695.22
614.49
1672.41
1882.65
1681.25
749.78
1638.19
1159.73
908.46
1540.19
775.47
1624.59
1503.88
1549.92
1842.57
1616.16
1615.71
1069.34
1214.12
1612.29
1163.36
1626.02
1597.63
958.31
1346.52
1149.85
996.81
1807.02
1340.48
1928.77
661.12
1753.13
1217.38
1764.45
1559.17
536.11
769.5
1758.12
839.18
970.49
1541.59
1602.84
1693.71
1317.46
1738.33
1513.16
1709.72
840.92
1780.04
1566.07
1081.3
1674.79
1556.35
1556.53
478.07
831.11
523.82
1519.15
1558.32
1430.08
996.45
872.47
1037.63
1113.89
1622.98
1852.64
1946.08
1789.74
1610.88
1998.33
1818.68
981.74
1481.21
816.55
1234.37
1679.8
1208.93
1795.74
1889.8
1722.83
676.17
1436.33
1307.2
1707.9
1635.93
1794.52
1162.27
1766.81
752.47
1565.43
1295.25
764.53
1529.26
1519.77
1571.2
1123.01
901.58
1194.97
1656.7
681.78
1648.58
1596.95
871.41
1865.95
1502.84
2047.78
1398.57
475.65
980.2
1594.44
1849.75
1606.98
1658.82
1198.88
1284.02
1617.34
1618.07
1486.72
1495.31
1672.13
1488.48
1605.01
1446.44
1583.14
1753.55
1791.84
1890.34
1505.23
1138.56
1072.57
1514.35
1484.11
928.25
1936.85
1509.68
965.34
1506.78
2011.7
1327.1
1084.93
1028.57
1219.69
1099.01
725.45
1472.88
1488.77
1337.58
1163.08
1260.51
1745.48
871.09
1170.98
1032.7
1473.13
1461.98
1709.74
748.55
1703.92
1392.98
762.62
1522.85
1298.72
1524.6
1226.21
1555.75
1176.28
1335.08
1330.54
1689.62
969.33
1476.1
1485.45
1616.87
1895.16
2037.29
1659.82
1375.29
803.58
1635.22
1387.46
1580.01
1439.64
1622.79
1778.01
1744.04
1483.89
1448.54
1052.97
1871.85
1641.07
1905.29
1173.8
1358.34
1311.42
1488.52
1495.26
788.95
1689.76
1385.97
1705.31
1604.89
656.04
1577.32
1771.94
1578.32
1830.78
1545.45
1668.23
643.59
1554.58
2088.45
1371.58
1531.56
1791.12
1763.54
1723.03
1715.81
1778.56
1751.93
1570.86
1529.95
1578.87
2000.44
803.01
826.41
1855.33
1452.78
1134.21
459.28
1704.0
837.09
812.19
1623.37
1272.2
1663.39
1582.61
1756.63
1423.45
1706.29
1223.47
1186.83
1496.03
1843.73
1394.77
1555.95
1635.53
1346.6
1113.15
1608.63
1515.74
1313.14
1562.8
1645.36
1584.77
1175.51
1610.45
1162.5
1611.97
1789.74
1177.27
1878.38
1677.49
1860.86
1063.18
1766.62
1490.94
1839.81
1552.99
1140.35
1856.76
1550.18
1547.76
1117.22
1565.94
1885.54
1500.35
1589.96
1365.09
567.65
1647.43
962.86
1355.02
1273.53
2069.55
1404.51
1583.07
1584.22
884.63
781.89
1349.6
1497.85
1598.09
1543.75
1108.47
1326.45
1552.39
1890.91
1476.05
1665.66
1867.79
1488.27
1477.93
1062.91
1661.63
1647.44
1527.45
1628.82
1672.22
787.12
1398.57
787.39
1126.88
1591.65
1510.73
1601.37
1866.4
1285.44
1770.19
689.87
1483.32
1728.78
1194.37
1871.72
1196.81
1862.73
704.03
558.74
1702.82
1020.62
1732.83
1255.26
1787.82
1565.33
1380.32
1702.31
1506.89
843.56
1773.08
1559.18
598.2
1396.93
722.15
1440.75
776.85
1587.2
1449.33
1412.01
2052.84
576.92
778.48
656.59
1053.29
1114.84
1468.6
911.35
2009.08
1550.22
678.48
1602.59
1344.76
600.78
1090.57
1487.43
826.04
1210.73
1658.42
1868.34
887.23
398.21
1525.29
938.53
1390.91
1496.04
1421.82
1733.03
434.97
688.63
1784.16
1721.05
615.36
1160.46
1371.46
1520.82
1526.06
1164.79
1874.41
679.55
1516.18
703.15
1488.16
1617.62
1810.89
1663.09
1719.98
1791.15
1418.31
1852.99
1268.93
1674.99
768.62
1475.02
1027.77
725.17
1551.58
1597.15
1663.63
1656.46
1394.5
1599.19
1515.61
884.86
1453.78
1230.16
654.47
1746.72
1655.13
1515.15
1176.4
1889.47
1673.69
1756.41
429.87
1084.46
1293.21
1924.65
1570.26
811.8
1623.58
1226.01
1795.16
1633.68
2118.07
1715.61
1286.6
888.25
1918.24
1737.37
470.11
1258.08
828.12
1400.16
1576.52
1386.29
1498.01
1593.86
1502.03
1977.21
1787.38
1407.92
1479.25
1656.78
704.88
1542.65
1668.49
900.85
881.83
935.24
1218.04
1504.26
1497.39
1096.5
1699.5
1587.0
991.12
1582.07
1519.97
1280.24
1277.63
1387.96
1630.93
1607.98
1751.24
2059.62
1785.27
1635.34
1363.0
917.01
1490.92
1473.87
1614.07
1722.9
743.58
1845.97
1755.69
1777.15
1665.62
1419.16
1661.39
1086.68
1475.07
1773.54
613.82
423.23
1110.32
506.72
1125.52
1116.04
855.11
721.19
651.11
1450.01
1523.53
567.36
943.85
1651.16
913.54
1618.96
1739.81
1379.67
1743.27
484.14
1493.38
1542.69
1119.66
1465.98
1495.92
1314.38
1766.4
1589.83
1487.45
677.69
2316.91
1395.5
1932.61
929.3
1424.64
1323.8
1547.18
557.02
1513.83
637.32
1607.63
1813.59
1865.43
422.87
1746.94
939.66
817.45
955.11
1173.8
1644.08
1552.5
1570.63
1621.73
803.84
661.06
1083.72
1688.67
1564.46
1091.71
2029.8
1853.07
1548.74
787.29
1590.75
1503.82
734.33
1740.57
1058.9
1497.78
1257.09
1355.52
1686.27
1407.83
1322.34
1814.79
1573.87
1601.16
1445.05
1399.64
1578.7
1785.95
1453.14
1660.62
1050.42
814.16
1621.0
1377.08
1807.24
801.34
927.58
1203.0
1006.36
1728.28
1128.17
1909.05
639.29
1588.78
1972.18
1135.03
1512.32
1553.28
1903.44
1572.32
1445.52
1618.66
1562.78
2137.44
635.95
1692.63
790.66
925.76
1597.17
895.8
1626.51
787.95
1807.61
1566.93
1869.6
1822.86
1275.78
1656.04
1520.43
1607.22
1695.52
1291.11
937.07
852.47
1568.77
1117.76
1811.05
1245.33
1387.8
2216.75
1552.25
1739.1
1627.92
940.49
1617.71
1797.57
1871.18
466.37
839.96
1077.62
1473.54
1769.6
1794.75
1610.92
1513.27
1458.3
1603.37
1568.75
1646.13
1673.29
1932.06
840.6
1404.98
969.46
1713.06
1559.99
1679.85
575.42
1266.1
802.41
1408.38
1328.24
1394.69
689.56
1491.93
1765.78
1491.39
1374.0
1086.16
1321.98
1578.19
1104.2
834.05
1609.42
1862.35
1196.16
1626.8
1614.3
1646.17
1625.9
1681.7
1241.41
1582.38
1815.8
1589.23
1241.61
834.99
974.36
990.51
1384.87
585.67
1753.28
1874.69
1752.09
1410.22
1258.48
902.42
1694.55
1981.73
1516.71
897.95
1771.41
1033.28
1261.44
1575.55
1685.29
868.13
1393.89
1759.06
1549.11
1908.51
1706.82
1550.12
1657.66
1515.54
1851.66
1674.06
1642.91
1753.82
1461.36
1774.26
1586.43
1507.52
1300.75
1569.48
1548.52
1463.25
844.33
979.9
1714.41
1642.22
1307.93
1217.18
976.26
1386.06
1220.82
657.84
798.83
1575.73
1527.09
1363.06
1457.93
1870.26
1889.77
2011.48
1184.86
1899.1
1080.8
1216.48
906.0
1730.64
814.43
1508.06
1431.79
1504.54
1866.39
1678.85
1521.51
1118.31
1508.62
1597.58
548.21
1322.88
1353.43
1485.1
1391.31
1540.19
1168.26
1497.28
1649.17
203.22
695.78
1789.66
1589.23
1003.92
1116.95
1712.49
714.8
657.39
1489.41
1695.87
1796.09
1940.23
1875.38
1490.37
1506.15
1139.08
1701.72
1848.84
1494.34
1698.34
1806.56
655.78
1554.01
1342.7
1467.04
1532.31
1152.61
1203.57
1381.03
1476.86
952.12
1509.51
1972.24
1757.59
925.5
1504.15
1355.46
1539.14
1943.48
1857.37
630.21
317.86
578.88
1599.96
1623.59
1781.56
1543.25
1501.79
1798.33
1669.03
1640.18
724.32
1753.66
1768.66
1469.8
1723.56
1878.08
1474.61
1770.75
1367.88
1272.21
1267.84
921.51
1552.93
1758.37
1661.71
1256.22
1323.44
462.99
1720.52
1539.7
1517.59
482.33
801.56
1560.2
1746.4
1686.06
840.05
1633.55
1744.66
701.67
1835.12
1024.12
642.44
1077.85
1490.69
1813.87
1807.41
1391.35
701.84
752.42
1325.68
1280.1
1745.06
984.96
1402.22
1431.03
1410.58
1478.86
1804.12
737.3
1438.28
1901.92
1585.8
649.16
1908.2
1226.19
1913.57
1709.01
928.83
947.84
472.44
1289.47
1745.55
769.15
1222.73
1576.08
576.57
1012.28
989.89
1602.29
1675.67
1820.7
1214.86
994.4
1168.87
1629.46
1710.72
910.12
1841.68
1480.92
1443.09
477.27
1415.65
1665.87
1823.8
1697.89
737.67
1537.46
858.29
1762.16
1151.78
1531.53
1654.95
750.75
1530.65
839.37
1005.49
1522.92
1502.19
1412.98
1476.76
1331.54
1542.23
1224.1
1572.25
1339.92
2069.74
941.09
1790.47
1570.9
1777.7
1437.43
881.75
1593.81
1684.42
1798.31
838.9
1522.86
1779.57
2000.48
1527.58
1659.88
1433.48
1654.65
1599.9
1615.35
1869.28
1322.87
1400.2
869.03
1818.38
1598.21
390.47
1633.98
1749.04
1801.43
1543.53
1466.22
942.18
1206.8
1872.35
1141.34
1676.98
1227.32
697.57
1595.8
1639.54
1456.02
1645.69
1233.51
612.41
814.91
1738.53
1804.05
1755.8
1572.64
2019.58
1365.31
1573.86
1626.68
1537.92
1587.33
1514.53
1319.66
1580.29
1081.07
1340.37
1502.55
1168.03
1170.64
733.66
1836.67
1361.11
1712.35
1119.72
1474.74
1608.5
1656.32
989.95
1504.87
1716.6
629.44
1835.79
1120.59
926.26
1653.19
1086.21
1670.65
1816.36
1178.91
1669.34
1757.99
1928.38
781.04
335.65
869.96
1486.04
1586.35
825.32
1702.68
1733.68
1226.18
1734.25
871.54
837.95
1683.49
555.2
401.12
1297.45
1784.68
1738.55
1631.01
1854.4
1695.12
1884.46
1706.68
1863.83
1186.46
1695.33
1108.05
1589.86
1532.91
1678.9
955.98
1781.53
1391.71
1513.88
1487.15
1483.32
1408.46
1254.27
1786.87
960.48
1618.53
2041.44
1033.53
1465.41
405.58
1803.73
1332.09
1692.16
1687.96
1449.0
1456.67
1868.02
1552.68
1555.76
673.4
1594.18
1714.57
1280.88
1511.15
1789.6
999.36
1884.76
1658.12
1357.4
430.89
1818.15
615.79
662.14
1167.24
831.12
1812.72
1803.75
1589.85
1861.79
1662.02
1624.05
1612.64
1228.81
790.15
1535.4
1440.84
1469.78
1470.68
1845.87
1652.87
1746.17
1424.78
685.63
1500.51
1298.78
1467.43
1118.91
903.87
1374.18
895.47
1506.69
1244.26
1814.36
1541.82
1576.38
737.02
1380.8
887.78
2005.28
1707.61
1531.02
1277.47
1574.37
855.92
1776.36
1316.39
965.91
1683.27
1023.99
833.01
474.98
1078.87
504.85
1821.19
1756.94
1431.95
1125.93
883.22
586.19
1522.99
1536.52
1229.39
378.78
1529.91
1581.23
554.86
1409.37
654.92
955.96
1270.36
1834.95
805.8
235.21
1454.82
1905.36
1444.44
1783.08
1759.51
1273.04
1711.35
1788.53
1309.85
900.3
916.09
1780.63
1287.95
1622.9
809.96
1432.48
2146.77
1721.39
1206.6
1774.18
1918.52
1349.41
1857.81
1486.54
897.92
1471.54
1217.17
1611.56
1619.73
1662.19
1544.17
516.69
1493.13
799.71
982.67
300.2
1692.04
1881.18
1690.71
892.43
1310.03
1612.53
1897.36
1531.04
1273.09
1502.42
596.23
1745.25
1776.39
1063.53
1763.65
1451.79
1749.71
1969.86
1531.16
610.01
795.11
1553.22
1760.85
957.36
1240.66
1362.15
1497.86
983.81
1831.07
1625.76
1755.43
1636.3
745.23
1883.73
1535.86
1560.89
900.89
1486.78
1131.22
897.44
1487.78
1401.9
1643.64
1609.36
1690.86
1052.79
741.95
1054.06
1775.24
1707.44
1626.26
1429.83
881.54
1505.36
623.78
1708.08
1370.44
1947.09
1225.64
1479.87
886.98
1341.67
1171.23
1165.42
431.1
1612.46
1893.31
485.34
1076.55
2101.78
1763.23
1145.7
1774.34
1657.95
1589.8
1557.09
1549.51
1935.52
979.99
596.57
1834.01
1661.94
1473.62
1866.98
2043.3
1551.95
1518.28
1589.7
1545.93
1149.72
999.0
1212.97
981.15
1570.05
1834.23
1610.12
1642.36
1874.97
1721.8
1277.16
1811.46
996.54
1665.5
1521.21
1612.63
1885.33
584.05
838.68
1394.82
1885.69
1763.47
913.56
2018.98
1563.59
1647.34
1740.84
942.14
845.3
1797.28
351.04
1830.01
1890.56
1973.42
1703.5
1264.71
1667.94
1489.39
1808.2
526.13
1590.06
878.85
1394.13
1977.84
1307.82
1190.42
1534.81
1690.06
1589.3
1583.15
1477.59
1193.98
1963.47
827.44
1287.16
1330.75
1000.24
679.05
644.98
1191.44
1599.53
566.16
837.43
689.28
1488.8
1953.05
1512.78
1601.79
1839.36
1734.47
1359.92
1834.8
1715.42
1471.89
691.67
1113.63
1716.78
1593.17
1758.69
1604.05
855.07
502.51
1821.93
1379.5
1731.15
883.64
1771.57
854.73
1714.55
981.73
901.6
1908.66
1079.16
1883.13
1196.28
1878.47
1596.99
1437.13
1480.91
1667.76
1892.9
1629.54
1516.85
1447.07
1941.8
1151.82
791.67
1340.81
1505.96
1624.86
825.26
1286.92
1123.18
1723.34
1479.53
2125.69
1250.02
1653.83
1489.35
572.37
1628.6
1506.89
1852.65
1818.22
940.26
1013.44
1578.62
1804.52
1432.49
1883.08
614.67
1150.2
1376.25
876.47
1951.78
1553.19
1365.69
1393.86
1788.66
1467.28
876.03
1216.9
1569.2
1576.34
1776.19
1514.46
1690.57
1587.75
857.33
1779.88
1641.05
1388.61
1725.18
394.2
1655.2
1263.86
1707.13
734.01
746.23
1834.8
1829.03
1047.76
786.18
1426.02
1885.21
1633.22
1259.09
1554.47
1577.19
1471.02
1587.35
1710.34
1483.82
932.68
1292.56
801.94
1599.34
2036.9
1334.71
1712.35
1911.32
1800.07
1517.24
1779.93
752.85
1209.48
1523.58
737.86
1516.05
1437.6
1943.16
982.1
1856.73
1583.09
1655.5
1610.58
1473.58
1723.18
577.72
966.48
750.85
1237.41
775.19
1721.05
1831.7
2087.33
1503.57
1055.02
1020.05
440.4
1128.78
1678.79
1580.04
1627.4
1253.79
1144.54
1513.72
1431.58
1404.5
845.91
1130.07
1557.16
1484.14
1962.17
808.6
1264.45
495.08
993.18
1765.45
1307.22
1810.66
1481.56
1745.09
1465.72
1726.06
1887.16
1388.78
1935.12
1672.28
1727.65
1166.17
1530.13
1775.16
479.05
1822.93
1762.84
1028.88
1572.09
1005.91
1730.84
1493.64
1450.96
1637.1
1557.63
710.98
1805.21
1561.61
1573.03
1135.11
877.55
1635.04
900.71
1684.82
1966.79
951.2
1133.9
2036.75
1183.32
814.26
1668.94
1137.93
1304.65
1019.21
1868.54
956.62
1637.09
1959.2
1519.83
1221.75
1703.43
1550.72
1511.59
1131.41
1440.65
1463.14
1263.07
1111.61
1435.74
493.77
1474.76
646.61
1515.97
1534.28
1748.58
1738.08
1807.28
1687.56
1515.29
452.43
721.24
1606.57
1833.55
1168.19
1564.08
1836.69
1660.12
1228.8
1572.24
1027.76
1565.81
575.22
1949.12
1509.6
1092.44
906.42
896.34
1863.4
1406.66
1362.56
1980.22
1756.81
1322.19
1625.54
1552.43
973.17
1797.52
1722.48
1634.83
1417.81
1616.62
1914.14
1882.86
1723.42
726.0
802.12
1628.01
1422.87
1618.89
995.22
2050.85
1393.75
1689.3
1670.64
1442.64
1717.87
1419.01
1484.93
1474.12
1779.29
1402.23
1670.59
1501.65
1528.06
1972.63
1331.18
1395.05
1491.04
1621.43
1725.16
858.74
1059.75
1656.02
1331.59
1821.33
1572.84
1389.89
1049.24
1351.73
993.7
1859.48
1606.73
1546.18
1867.56
1621.0
1561.57
1918.02
1738.87
1660.98
1695.53
1537.39
1415.83
752.64
1624.21
1988.06
1763.8
2021.52
1937.48
1602.33
1838.42
1434.15
915.21
1191.29
1805.19
1514.95
1623.52
1373.04
1611.11
1746.56
781.37
1790.41
1411.0
1856.82
2110.88
1497.37
785.58
1453.57
1652.56
1718.86
1701.91
922.33
1876.6
1619.69
1802.43
1788.5
1525.83
1831.7
556.55
734.15
1649.53
1159.91
1382.33
1102.67
1750.98
1265.46
1159.27
962.93
1367.15
1592.71
1432.16
1338.51
1370.08
1677.97
1580.43
1384.43
896.28
1896.42
1390.72
1512.83
1518.14
1789.31
1792.9
1068.4
1184.51
567.82
810.94
1652.54
935.91
1520.23
1355.75
1546.57
2065.84
1772.05
1818.41
1734.13
1708.71
1550.57
1962.74
1360.57
1786.67
1742.97
1969.02
1370.22
1746.58
1555.82
1620.75
1690.76
892.91
1239.16
2120.45
2145.24
1382.84
962.14
1591.94
1841.6
1610.67
1626.58
1549.1
1803.29
788.49
1594.26
839.05
1504.48
1727.43
704.69
1597.88
1655.96
2023.3
1777.99
1627.6
858.71
1500.84
1383.74
1876.07
1849.74
1417.71
1663.98
1189.53
906.04
1757.98
1108.33
1623.92
966.09
1634.07
1728.5
1768.69
1985.12
1748.24
1035.44
1765.81
1027.54
1575.3
1884.34
1742.29
1461.18
936.07
1543.2
1529.33
1396.05
1640.84
931.15
1671.08
1743.2
1777.41
1899.2
1865.01
564.86
1600.53
1296.15
1452.0
1796.02
786.45
1621.53
1584.11
1454.74
1427.63
1772.39
1782.76
1572.65
1630.28
695.66
903.1
1126.51
1511.67
1678.29
1550.41
1565.2
1612.62
1905.56
1734.94
671.96
1657.84
1685.37
1668.98
1952.92
1869.46
1756.44
798.44
1061.86
1546.0
1083.2
1592.0
1709.02
1613.76
925.68
1644.44
1828.41
1151.6
1746.47
1168.08
951.83
1979.55
1605.86
1759.72
1665.72
1732.86
832.36
1508.82
891.84
1315.21
1631.29
1007.12
1514.23
1599.59
918.4
780.48
1354.29
851.13
1908.29
1486.04
1393.64
1797.78
1486.44
748.48
1416.67
1506.43
926.64
638.35
441.33
641.0
1417.42
1678.3
799.66
1698.14
1538.45
1493.49
1752.32
1686.0
1811.94
748.86
1614.48
2086.61
1452.0
1756.7
1349.62
1280.83
1645.75
1297.59
1538.49
1498.28
1591.66
1818.49
1524.82
1137.22
1636.52
707.76
1050.24
932.48
1615.94
1059.02
1628.2
825.33
785.34
1654.88
925.46
801.05
658.18
1883.97
890.85
801.82
1884.2
875.33
2089.59
1346.98
1631.73
1768.03
1503.95
811.95
1891.81
1980.2
1678.7
911.88
850.55
886.84
1614.85
860.56
1499.9
1633.79
1462.13
1880.16
948.94
1155.71
1691.09
1633.82
1931.81
1675.85
1609.06
1598.96
1680.19
866.53
1524.79
775.02
1708.11
946.75
308.38
587.48
1354.47
1654.31
1730.04
1047.02
1528.73
1318.92
615.29
1583.2
1698.27
1395.27
1516.66
1834.45
695.73
1724.6
779.12
1856.93
845.38
1029.24
1030.12
1994.25
1382.73
1417.17
1823.33
1567.57
1496.92
1868.47
1460.75
1549.55
1829.47
1683.04
848.48
1678.82
1634.37
1538.93
1054.55
1534.9
1066.96
1643.92
1680.69
1396.09
1544.48
2109.91
1986.83
623.35
1679.11
1920.55
1506.92
388.04
947.28
1251.73
1967.43
1568.97
1633.85
1748.17
797.6
1513.72
1628.57
1976.98
781.79
958.34
1726.0
1694.13
1037.11
1325.99
1895.82
1735.9
1682.86
1818.31
1551.14
870.97
1905.24
1453.61
1155.04
2076.65
1500.22
1751.27
1132.58
1693.15
1677.7
1679.09
1717.23
704.03
1644.23
1524.91
1442.63
1878.14
1416.85
1628.89
1316.16
1785.84
663.5
726.27
1119.73
1596.88
1752.18
1190.25
1712.48
1299.93
1566.82
1429.56
1212.53
1429.7
1319.65
1743.07
1854.43
1188.22
891.78
1115.85
1515.33
2026.88
1090.39
1760.02
1379.77
1916.03
1367.2
1965.84
830.12
1594.95
1307.14
1226.06
1455.5
1310.63
1165.13
1581.23
1494.67
1762.96
1464.74
1384.68
1640.43
1452.3
1514.24
1328.69
2111.29
1685.12
1393.96
1126.15
1342.76
1871.56
1549.99
1534.16
874.69
1624.19
1602.81
1556.82
1717.07
1922.31
877.84
1434.39
1609.23
1617.05
679.74
1937.71
621.86
1521.41
1569.97
1491.57
907.49
785.35
1254.9
1631.6
1211.29
1658.01
1612.48
1639.45
1747.55
1309.19
1836.97
1516.53
1530.86
1580.11
633.82
1424.48
1217.44
1712.01
1766.94
636.8
1301.32
1398.9
1775.4
1819.94
1262.94
1892.81
1839.17
1018.9
1635.58
1795.95
1630.61
1484.34
1460.68
1217.87
1955.93
1650.49
1301.73
1421.8
1758.55
1528.4
1009.65
1302.62
1921.83
822.4
1327.84
1596.26
1299.61
1485.07
813.91
847.04
1632.62
1582.64
1110.8
1184.46
1811.68
1528.69
1741.11
755.01
1371.04
800.88
1225.62
1293.77
689.58
689.62
1865.43
787.29
1698.22
1460.4
1451.74
1833.63
1432.21
1423.28
1565.33
1364.3
1245.33
1267.34
1303.66
1547.44
807.5
865.3
595.09
535.77
2002.18
1669.19
1703.6
1090.87
487.92
845.0
1508.93
1458.23
1399.79
2131.4
1377.45
1688.21
1428.59
1785.32
1730.89
1457.32
1597.94
1403.88
1644.27
1697.36
1417.34
1467.56
1724.99
520.2
1887.93
1261.76
1111.58
1782.07
1919.68
1800.13
1073.98
1691.59
753.55
827.38
1773.27
1099.25
1586.66
422.5
1374.59
1569.68
1114.98
1668.43
1822.92
1742.73
447.31
1308.76
1905.95
1911.51
721.73
1344.75
1517.3
1875.04
1700.32
1989.84
1334.98
1531.1
956.6
1535.4
1478.59
727.76
1388.03
270.51
1950.56
797.66
977.92
1600.39
1440.94
2106.12
1137.41
1904.04
1951.7
921.32
1841.88
1415.72
1828.31
508.69
652.04
1558.67
1790.6
1601.79
568.35
1754.2
2194.39
1364.89
1237.15
646.56
1617.96
1640.32
1786.14
2059.24
1686.2
1486.35
626.59
1366.92
1769.61
1842.37
1733.96
1864.4
699.96
1571.31
1452.94
1845.77
1385.26
1515.96
1621.21
1641.07
751.12
1697.25
1070.09
1612.92
1772.95
1464.29
1337.33
1455.24
1593.13
863.65
748.33
1859.54
1626.74
383.01
1581.47
1487.58
1691.46
1756.19
1746.77
1495.14
919.92
1707.31
1469.61
1638.6
821.97
1491.81
855.46
1301.02
1547.12
1448.51
1813.88
1559.78
1029.12
1640.96
1540.68
1148.67
1541.43
1781.61
1874.41
1568.84
1738.97
1206.05
1570.43
1762.68
1828.61
1776.06
1138.61
1261.79
1653.78
1331.57
1745.75
1666.75
1733.15
1422.39
1743.57
1794.47
525.44
1143.04
785.32
1760.26
1400.27
1676.61
1433.56
827.07
1655.45
1365.51
1682.92
1080.29
1751.85
1782.89
1254.55
1801.83
867.59
1597.66
877.54
1496.89
1221.16
1031.98
1633.02
1362.08
1080.18
683.56
1671.88
1320.69
1372.94
1717.29
1771.38
1469.73
1677.24
1795.4
1484.57
1397.94
1386.23
1232.63
1508.61
2114.26
1053.09
1305.65
1562.99
830.39
1428.91
1675.43
1480.65
1707.72
1793.56
1465.75
1828.1
1821.31
1214.61
1581.52
1417.03
825.25
1302.89
891.28
1748.87
1747.2
1733.17
1445.67
1709.92
451.14
1676.47
1248.6
969.96
1598.7
1097.63
667.41
1784.73
1413.93
1286.94
1763.95
930.56
1627.37
755.56
438.32
1190.49
1837.67
1131.93
1612.85
1577.43
993.85
1828.06
1631.62
1925.33
1781.6
1492.31
1544.94
880.34
1588.62
1827.61
710.96
580.99
916.99
1783.56
1789.8
868.39
1847.56
1196.72
970.45
1943.97
1458.91
1789.45
739.35
1419.75
1543.07
929.51
1769.58
1299.52
1276.19
1848.38
1249.67
776.48
1858.74
1937.5
1575.02
1679.48
1330.94
1108.62
1212.17
1671.38
1411.96
1845.02
1669.35
1826.05
1489.62
838.48
1596.07
1542.2
1335.76
1520.47
1746.95
2072.74
766.44
1740.97
1789.03
851.89
510.18
1538.49
1846.47
1398.07
1197.73
851.4
1754.8
1582.91
1382.91
1735.53
1415.4
1516.96
921.69
1460.56
1022.71
932.92
1356.61
1265.14
1215.29
522.07
901.42
1607.97
2065.82
1893.43
1863.08
1436.81
1717.02
1683.29
1198.33
1353.25
1747.37
1464.58
1829.46
1547.06
1977.16
1515.18
1531.77
1520.45
1980.77
932.59
813.19
1567.41
1525.05
736.89
962.57
1223.78
1090.1
1853.67
1612.54
1297.79
1883.18
1555.02
1734.88
603.77
571.94
1773.43
1682.22
819.82
1828.27
755.81
916.26
647.71
1489.19
1491.07
1847.32
551.57
1479.53
1491.67
777.28
1617.84
1156.73
571.21
1401.53
1616.48
1701.72
1343.13
1857.98
1472.54
685.31
1882.95
2039.47
1567.19
2078.15
1244.95
2082.22
1348.07
1700.88
761.88
1481.99
640.13
909.3
1505.33
1742.76
1340.83
1541.04
663.51
816.6
1572.03
1116.53
1934.44
1672.68
1531.39
759.02
1280.35
999.3
784.8
1628.17
894.77
1435.48
1238.61
1662.67
1286.49
1752.31
1019.95
878.91
1862.33
1448.59
1996.98
990.13
882.57
1824.98
882.84
1257.88
1719.89
1491.66
1495.15
389.44
1856.51
1380.86
2122.04
1508.73
1416.86
1058.81
1383.26
1873.12
1644.06
1610.01
1868.22
701.19
1881.89
1637.37
1398.65
1700.63
1728.19
1510.04
1277.78
1530.26
1785.12
1327.19
1805.94
1290.3
1189.69
789.62
1257.45
1853.14
1231.02
1078.09
1592.76
843.7
1742.81
1101.57
1043.9
1550.73
1552.96
1477.67
1369.32
1692.02
969.95
1172.92
1143.43
1411.18
1522.49
1418.41
1125.67
1229.24
806.68
1822.13
1734.22
1628.69
1018.72
2066.23
1637.9
1267.37
1676.71
1301.63
1882.24
1469.4
1203.26
1309.8
1611.97
1261.14
646.41
1714.48
1538.5
951.08
1974.83
1293.35
1703.02
1245.91
1511.13
1213.68
1882.59
1635.09
1794.31
1708.21
1508.8
1595.08
1035.02
1501.96
844.16
1447.63
1104.56
1215.73
1194.78
1850.16
1835.93
1397.18
1069.98
718.6
1593.02
1907.25
1682.25
994.38
1265.0
1096.06
1538.71
1614.25
1608.44
1735.12
1635.15
463.85
1509.47
1569.21
1463.27
1591.25
1147.95
1860.19
1839.12
932.78
762.45
2087.1
969.62
1590.55
1615.06
1751.91
1912.04
1383.97
1748.51
1794.49
694.92
1482.05
564.92
1692.28
580.82
1298.95
1657.65
1928.16
705.71
1489.21
1668.04
1890.14
1822.64
570.03
1618.47
1184.62
1788.71
1423.13
1798.33
1794.09
2034.52
1484.89
1619.62
1443.37
1641.52
621.66
1792.36
1397.79
1117.9
1013.74
1912.24
1477.86
1525.5
658.9
1697.26
1636.89
862.46
1146.56
761.48
1479.08
1247.72
1241.62
1226.03
1112.37
1502.03
1470.52
1144.24
1305.26
1600.07
1339.1
1445.54
1876.63
1754.16
1822.83
830.3
1255.04
1172.7
1554.04
837.17
949.59
1093.2
758.45
1852.65
1221.66
968.28
1765.17
1178.77
1923.56
1490.76
821.58
1424.55
826.84
1115.99
1230.4
1393.13
1739.2
821.95
1441.28
1362.03
1678.12
839.63
1277.64
1540.95
902.42
1585.95
1846.68
1156.18
1407.48
1452.68
1689.26
1795.95
1558.54
1269.92
677.62
2077.49
1122.65
2002.0
1175.41
773.61
1834.41
1298.55
1598.9
1238.06
1690.42
1607.85
1002.83
1504.7
776.17
1275.12
1364.61
1303.0
1500.84
749.59
1609.08
1378.73
1550.74
1490.95
1687.33
1726.73
1555.7
1308.21
1956.79
922.37
1566.08
984.64
1834.72
1208.55
1426.34
1573.64
1705.92
1738.33
682.59
1064.57
2113.76
1802.29
1707.33
1246.12
1916.72
1685.02
1957.71
1623.46
1406.94
1511.48
1783.72
1570.28
1088.97
1461.16
1462.43
1367.26
668.7
918.44
1755.12
1449.23
1535.61
1925.4
1629.73
1595.0
858.54
1567.46
1770.0
397.81
1377.51
1505.71
1618.84
1615.46
836.72
1358.0
750.62
584.56
1283.63
1805.55
1822.49
1961.02
1667.24
1367.56
1549.17
1724.17
1615.76
838.21
1634.89
672.96
886.76
1052.74
1481.02
991.85
1585.53
1001.6
1460.6
1590.19
1730.13
1579.33
1392.0
1418.11
1589.58
1681.06
1887.16
1791.86
1056.9
1419.63
1688.12
1421.3
1399.28
964.13
915.09
1569.09
1497.91
1017.97
806.47
1427.02
1705.36
1856.06
1449.28
704.36
1866.2
1836.6
1637.91
1691.74
1537.08
1446.56
796.76
1145.87
833.75
890.76
1800.32
1884.91
1470.72
1906.42
761.59
1148.86
891.26
789.02
1016.62
1298.57
1606.89
1335.56
1106.91
1579.4
1749.87
1446.41
1457.06
1553.27
1730.26
1957.26
1044.96
890.7
1540.66
1663.32
1284.1
1357.34
1708.26
1381.57
907.13
1546.1
1421.3
778.22
1251.99
1168.92
896.95
1628.89
1545.44
1171.08
1046.04
1707.97
1656.09
1694.46
1730.93
1487.6
1375.65
1499.57
1752.5
1715.44
1803.77
1769.39
1710.46
1727.52
1113.47
1377.87
1127.53
1187.0
1749.38
1234.7
1258.43
1677.59
574.06
1926.24
1342.78
925.45
1048.05
1555.72
1576.12
1551.3
1634.91
1543.58
1600.93
906.4
1301.75
984.93
1566.12
1767.07
1040.66
1473.56
1504.29
1042.16
1436.85
822.74
1571.45
1756.02
1090.76
1176.19
814.36
1408.81
563.1
989.26
839.11
1368.1
1601.38
2066.87
2095.73
1462.71
1952.39
818.02
821.22
1757.7
2082.97
1413.46
1494.06
1663.17
1311.01
1828.65
1488.76
940.96
2149.52
2034.56
1996.41
1653.89
1555.43
713.68
1666.42
1601.49
1760.38
1483.42
1068.69
670.32
1891.35
1228.55
823.99
1542.91
1555.62
1360.77
1485.4
1839.06
934.12
717.38
1249.49
1763.15
615.05
606.11
503.75
1723.45
1743.18
1390.95
1866.99
1430.76
1955.3
1720.75
1382.62
1530.56
1796.82
1662.65
1136.93
1408.31
945.44
669.9
1570.25
1527.75
1410.58
1553.58
976.99
1797.24
1814.05
1632.19
1930.52
1509.25
1615.34
1485.92
2109.56
1809.5
1168.35
769.99
727.01
1746.53
869.43
1615.0
1736.32
1510.69
928.56
1491.89
1299.42
1439.89
860.76
1447.18
1889.62
737.36
1731.11
1165.32
1709.5
1512.64
1483.63
802.67
1580.23
1342.36
1476.05
1605.06
1229.63
1852.44
1303.85
1521.92
1644.72
1510.58
836.85
1666.31
1529.84
1626.34
549.84
523.92
1793.04
1029.57
806.47
1551.6
821.61
1619.54
1597.67
1624.97
1813.65
1651.05
1521.45
1786.31
1864.38
1210.6
1652.47
1472.25
1878.91
1195.87
1077.95
1643.55
1838.09
1250.83
1565.85
1705.74
1384.85
1379.73
1728.61
849.1
750.34
1730.89
1477.59
1509.75
1888.07
1584.19
1460.07
987.08
1752.99
1778.39
1031.15
1948.75
1538.48
1584.42
1496.59
1337.55
966.39
1694.72
1667.45
1703.45
1859.55
1090.43
675.24
1387.85
1406.59
1011.48
717.69
1487.1
1388.2
1821.25
1306.6
1584.74
1827.04
1640.45
672.36
1489.96
1724.07
1495.8
751.0
652.84
1457.81
1636.32
1649.29
1028.08
1378.59
1682.51
1475.32
1563.65
1945.72
1875.83
1886.79
1553.69
1917.86
973.95
1174.44
664.2
1668.32
1619.8
1420.85
1699.66
1506.06
2085.74
1665.14
1648.91
1300.96
1820.88
1601.0
1590.56
1864.6
1384.84
1551.41
707.1
1481.53
1405.93
920.26
1403.43
1594.15
1849.79
990.94
941.9
1178.36
780.58
1504.48
1562.41
1714.93
1337.59
1390.71
1026.28
1269.86
985.37
488.05
1481.68
868.76
1622.09
1077.23
1881.71
974.86
1724.55
1768.35
1669.52
1675.33
1382.96
1322.55
2077.58
608.77
1427.16
2092.92
994.42
1237.59
1533.83
1603.35
673.53
1324.83
1682.3
1308.26
1785.92
1863.57
557.33
1560.38
604.17
1515.35
1615.29
1589.49
1405.64
1753.35
2010.27
668.12
457.7
1653.25
1069.91
1058.35
1132.06
843.36
1688.8
788.88
1694.11
1594.17
744.19
825.99
1372.89
1633.18
1684.1
680.72
1535.98
1487.31
994.32
627.7
806.94
1490.5
1219.2
1108.56
1493.08
840.77
1567.56
648.71
1146.02
1713.52
1727.92
2025.61
1581.83
1416.46
800.42
1749.82
712.45
1530.77
1120.27
1591.56
1497.98
1287.76
1372.27
1483.23
1407.86
1840.0
1725.12
1747.58
1741.37
794.0
1832.67
1369.51
1501.81
1737.75
1640.91
1816.71
1137.99
1198.76
1267.76
1835.81
1475.89
1877.34
1800.07
826.72
1558.32
1668.91
1641.72
1165.85
1037.5
863.9
1449.69
2125.94
897.97
1607.01
1583.07
1276.17
456.32
1691.54
766.65
1415.13
785.77
1202.83
1072.3
1133.94
1825.23
2042.88
705.47
1667.98
864.98
666.18
1360.76
1082.59
668.03
1607.26
1769.05
1262.49
1749.66
1087.98
1392.4
1441.84
1474.24
1039.03
1204.29
1351.06
541.0
1225.17
1602.42
1484.21
1291.5
1240.78
1435.44
1083.3
928.51
1688.72
800.43
863.56
1297.77
1926.48
1604.79
884.33
1587.62
1596.44
1793.37
1649.99
1870.04
1349.37
1597.57
1788.37
1045.51
1570.67
1528.58
1738.43
1516.91
1268.73
1727.57
1672.39
1873.84
1892.28
1894.08
1757.03
1697.21
1270.94
1539.85
1629.03
1309.29
1500.64
877.91
1644.74
1897.6
1786.14
1957.35
1379.49
1071.21
1630.36
1608.49
1290.65
1598.31
797.4
1452.83
619.75
1557.4
2036.72
1493.69
1506.72
951.86
715.48
1545.99
1427.75
1240.92
1478.72
1438.02
1813.37
1616.47
638.76
1504.41
1981.67
1359.89
1134.07
1619.21
1084.53
979.84
778.2
666.56
1715.29
872.53
1707.71
1850.68
1570.1
1351.61
1968.62
703.11
1463.65
1355.03
1370.23
1255.46
922.77
1774.45
1792.03
1435.37
377.67
808.77
1690.17
1652.85
854.63
1933.15
704.89
699.67
1542.8
1357.12
1838.32
1581.18
1293.13
1887.49
1654.63
1644.86
1637.0
1347.96
766.61
1521.38
1115.59
1691.15
474.24
1768.6
1749.49
1773.57
1461.04
1746.86
942.61
713.86
1767.23
1621.69
1554.45
1603.55
1312.09
1534.47
1089.49
1017.46
1914.07
1080.9
1353.75
1614.19
959.64
951.2
1473.96
1892.61
1248.05
768.11
1527.32
791.87
1534.74
1584.96
1233.73
1849.93
1551.5
1598.0
1842.7
1588.37
930.79
1349.25
2073.21
1162.77
1528.45
1442.05
988.81
1399.86
1512.93
1122.52
1604.24
785.72
1511.56
940.75
1202.14
1327.86
802.51
1327.14
1904.39
783.44
2112.87
861.32
1072.47
926.49
1400.52
1801.03
1368.55
1461.43
1340.14
878.71
822.78
1754.15
1222.97
1705.07
1611.23
1437.11
1142.3
1552.01
1274.64
1488.83
1217.0
1322.41
1846.01
1134.92
1730.68
1838.69
1675.04
1720.89
1881.12
1139.98
1750.89
528.89
1387.61
1112.35
1456.74
825.44
2112.85
1273.65
1453.59
845.77
1802.92
951.56
162.52
884.45
893.3
1921.09
1883.2
1814.94
1608.42
1704.86
1519.39
2132.2
718.91
1125.83
1504.66
750.41
767.43
1597.55
1061.84
775.71
1573.62
1477.84
1541.12
1607.79
1762.49
1014.81
1854.48
1612.53
1465.31
1633.32
1572.31
1171.62
843.23
1036.73
817.12
1707.15
1545.23
1717.14
1618.13
1083.72
1522.04
1383.43
712.75
1677.7
1625.15
1490.71
1794.8
1651.19
2029.08
1684.8
781.86
923.78
684.0
1731.74
1451.7
932.72
1469.41
1635.5
1542.31
1493.58
1249.23
749.06
1941.78
692.61
1511.51
1404.86
1059.79
1563.57
1297.04
1438.01
1182.04
874.26
1825.18
1587.37
814.89
1844.23
1538.61
1433.83
595.77
1808.26
1191.31
467.11
956.53
1696.05
647.04
1425.76
1234.35
1425.64
1652.05
1518.8
1158.74
1576.9
1831.6
622.55
1598.6
885.1
1540.38
1379.87
1080.66
1968.51
1600.47
1732.68
1648.05
1613.56
1855.34
1135.81
1445.8
1453.91
1314.12
1486.56
1751.71
465.71
1275.41
866.02
869.89
1674.69
902.35
982.02
1857.7
1541.2
977.81
495.71
1383.2
1152.56
1211.25
1377.94
722.12
1563.89
1648.97
1849.65
1318.16
1738.89
835.3
2004.5
1173.47
1709.99
1563.29
2256.28
1399.05
1568.93
1436.24
1895.44
1912.84
1732.89
1563.97
951.76
1844.03
606.82
1648.38
857.57
1787.56
1249.51
1100.44
1760.67
1606.21
2010.55
1588.46
537.96
1441.82
1549.93
1340.09
1179.15
1292.91
1543.44
1576.93
937.52
1950.4
1455.83
1388.64
1928.96
1817.7
1383.53
1415.76
1519.92
1702.88
1382.01
614.72
1622.06
1821.84
1437.19
1221.67
1683.17
606.43
489.59
558.34
1817.3
1494.91
